0.545532
0.54022
0.468175
0.46398
0.46596
0.470808
0.475104
0.48941
0.595704
0.496298
0.50287
0.505947
0.513204
0.518684
0.520429
0.559059
0.528033
0.525711
0.532925
0.537175
0.533091
0.533485
0.533848
0.559435
0.540889
0.540717
0.542354
0.546323
0.549371
0.548159
0.554837
0.566201
0.54827
0.562488
0.32071
0.383542
0.147582
0.538984
0.235826
0.403192
0.519332
0.603078
0.616374
0.4873
0.568991
0.251951
0.27694
0.444416
0.503505
0.510904
0.377056
0.550554
0.1453
0.100705
0.16486
0.419654
0.812706
0.988426
0.999998
0.54934
0.999991
0.980408
0.875318
0.741233
0.596463
0.481245
0.544901
0.394327
0.369579
0.440216
0.50828
0.863246
0.90955
0.377577
0.803671
0.761455
0.697866
0.593904
0.64327
0.704213
0.623115
0.903883
0.874969
0.888258
0.610831
0.794201
0.716961
0.547564
0.864924
0.892715
0.660216
0.772855
0.822429
0.693212
0.939099
0.545554
0.951295
0.999998
0.999998
0.520188
