0.535207
0.0490991
0.0867037
0.154071
0.218423
0.537127
0.291995
0.358606
0.395632
0.425129
0.462969
0.498528
0.540764
0.532557
0.51537
0.509461
0.491615
0.396315
0.171529
0.140849
0.538693
0.142094
0.104246
0.0430569
0.0770071
0.250212
0.475023
0.540344
0.603749
0.659997
0.618441
0.481006
0.345429
0.646724
0.538452
0.995929
0.951239
0.801197
0.708841
0.882537
0.78799
0.538555
0.911619
1
1
0.969091
0.834863
0.829285
0.537541
0.785132
0.872459
0.937534
0.959867
0.864389
0.908616
0.790929
0.540787
0.81111
0.680024
0.790596
0.715041
0.85148
0.988813
0.539629
0.974657
0.999998
0.999961
0.868938
0.928548
0.915816
0.544526
0.926813
0.999946
0.931729
0.977499
0.999998
0.999998
0.536007
0.999998
0.999998
0.999998
0.999997
0.828435
0.276334
0.542984
0.462615
0.749392
0.903796
0.942522
0.888789
0.79878
0.678405
0.536089
0.549266
0.419955
0.298916
0.177886
0.0703203
0.0495912
0.534647
