1.04232
0.138042
0.178763
0.239148
0.296202
0.318751
0.541094
0.330412
0.348778
0.38285
0.397136
0.402155
0.411673
0.535165
0.43705
0.423391
0.376491
0.370753
0.328662
0.127874
0.0248008
0.538489
0.0725918
0.0725604
0.0632343
0.125407
0.140273
0.195573
0.528723
0.374751
0.714798
0.995666
0.999998
0.999998
0.978428
0.378971
0.986718
1
1
1
1
1
0.505397
0.933822
0.737736
0.862692
0.964191
0.830933
0.793325
0.999707
0.896
0.854117
0.854353
0.979868
0.998233
0.966498
0.738617
0.46629
0.761813
0.862032
0.504901
0.837534
0.964208
0.844566
0.46059
0.826247
0.938489
0.992863
0.960413
0.9357
0.999995
0.505464
0.999998
0.999998
0.999998
0.999998
0.957275
0.500254
0.522802
0.313015
0.516376
0.643058
0.787812
0.853213
0.758475
0.536249
0.618706
0.49724
0.362506
0.2544
0.146611
0.0722967
0.0257159
0.536171
0.067472
0.129632
0.180981
0.233017
0.275616
0.102029
