0.0142856
0.539879
0.541879
0.393929
0.54251
0.544922
0.546053
0.543449
0.541699
0.543337
0.474578
0.542039
0.544598
0.54225
0.543728
0.529807
0.526171
0.508369
0.523399
0.41262
0.156749
0.139461
0.211047
0.131153
0.292366
0.538998
0.477863
0.571715
0.572976
0.490322
0.382057
0.252281
0.539385
0.747201
0.999998
0.910223
0.933235
1
1
0.537552
1
0.994197
0.964519
0.951515
0.744123
0.844895
0.536252
0.719577
0.813022
0.894425
0.883846
0.952993
0.601709
0.991646
0.540322
0.999998
0.999998
0.893556
0.739309
0.940719
0.940899
0.542224
0.969377
0.797171
0.913386
0.872495
0.847748
0.972342
0.469191
0.949943
0.846645
0.983009
0.999998
0.999998
0.999998
0.144052
0.999998
0.999998
0.930302
0.600073
0.357958
0.108942
0.264719
0.968617
0.374095
0.347796
0.339892
0.316958
0.244444
0.145239
0.984422
0.0584277
0.0237478
0.0632007
0.111281
0.174033
0.229189
0.404272
0.281101
0.370769
