1.04232
0.540989
0.540149
0.538634
0.537894
0.537295
0.541094
0.539301
0.536868
0.535648
0.539488
0.537051
0.535129
0.535165
0.538039
0.539013
0.53816
0.536636
0.537112
0.535969
0.534969
0.538489
0.54136
0.544145
0.540138
0.55407
0.554189
0.541245
0.528723
0.522676
0.646771
0.542232
0.568715
0.611526
0.64749
0.378971
0.155265
0.112452
0.0478715
0.581605
0.168641
0.347515
0.505397
0.638577
0.856972
0.993406
0.389496
0.999998
0.999998
0.999707
0.999618
0.93206
0.783799
0.551083
0.692556
0.606219
0.52229
0.46629
0.432643
0.421828
0.718423
0.428633
0.4406
0.452495
0.46059
0.469357
0.475908
0.54744
0.484598
0.491811
0.50057
0.505464
0.511432
0.515676
0.523283
0.514275
0.52197
0.521225
0.522802
0.527551
0.530676
0.534032
0.530005
0.53515
0.536393
0.536249
0.539618
0.540449
0.538595
0.53559
0.539511
0.541352
0.536063
0.536171
0.53724
0.537727
0.537411
0.541822
0.540178
0.542516
