0.535562
0.414707
0.534822
0.438602
0.450871
0.457011
0.454726
0.453802
0.464503
0.540693
0.481119
0.484339
0.517146
0.488392
0.429005
0.184701
0.3216
0.53702
0.441734
0.412918
0.136676
0.286208
0.353465
0.261836
0.535118
0.128217
0.0155958
0.00542437
0.00772573
0.055347
0.0922864
0.529148
0.0533828
0.0764015
0.24479
0.749548
0.972196
0.815337
0.575792
0.717351
0.893596
0.831189
0.794922
0.778917
0.89491
0.544577
0.769892
0.78725
0.701697
0.42488
0.708776
0.61319
0.272292
0.609402
0.303154
0.602061
0.397347
0.862266
0.878713
0.810713
0.999998
0.98478
0.905531
0.74341
0.73994
0.832087
0.804133
0.54194
0.952692
0.925794
0.925173
1
1
0.994305
0.539078
0.991
0.999998
0.999998
0.999998
0.982732
0.581585
0.953099
0.509094
1
1
1
1
1
1
0.530581
1
1
0.99969
0.922413
0.716662
0.522958
0.540745
0.343228
0.537212
0.392179
