0.535562
0.539494
0.534822
0.534815
0.535348
0.533401
0.535329
0.536766
0.538549
0.540693
0.540093
0.539169
0.536416
0.535585
0.53439
0.535351
0.537546
0.53702
0.539277
0.541445
0.539444
0.53763
0.535352
0.539682
0.535118
0.537309
0.538014
0.539464
0.538337
0.536081
0.532891
0.529148
0.526175
0.532835
0.544159
0.552115
0.555292
0.549474
0.575792
0.537785
0.525958
0.639181
0.573782
0.632453
0.641464
0.544577
0.215624
0.210415
0.214624
0.0858543
0.163728
0.386511
0.546982
0.609402
0.88043
0.997803
0.999998
0.999998
0.999998
0.53817
0.999998
0.996124
0.889408
0.790529
0.654896
0.558677
0.484695
0.54194
0.434487
0.40838
0.403478
0.41726
0.434627
0.450096
0.539078
0.455655
0.458576
0.466607
0.476644
0.490238
0.498619
0.535696
0.509094
0.514784
0.517185
0.519159
0.521301
0.527299
0.538007
0.530581
0.532473
0.531168
0.528373
0.537514
0.53964
0.541459
0.540745
0.5396
0.537212
0.536671
