0.0142856
0.345694
0.364248
0.393929
0.423687
0.436839
0.539734
0.441747
0.449315
0.457415
0.474578
0.488888
0.500977
0.541577
0.505938
0.514466
0.518442
0.523477
0.523399
0.527003
0.540305
0.534515
0.53533
0.538269
0.538347
0.538998
0.724212
0.539214
0.53791
0.537753
0.536646
0.535885
0.539385
0.189036
0.543956
0.542726
0.538826
0.533549
0.532639
0.537552
0.877831
0.540313
0.541154
0.541934
0.542886
0.540872
0.536252
0.536627
0.53774
0.53985
0.54319
0.541741
0.542487
0.540453
0.540322
0.534077
0.540576
0.539988
0.540143
0.541166
0.543046
0.542224
0.466862
0.538797
0.538217
0.540398
0.570777
0.731413
0.469191
0.513343
0.546019
0.629431
0.407818
0.13989
0.147438
0.144052
0.532086
0.0827244
0.182997
0.354295
0.479776
0.617191
0.801455
0.968617
0.54089
0.99973
0.999998
0.999998
0.999998
0.999219
0.984422
0.232254
0.969332
0.883685
0.74623
0.618776
0.501983
0.404272
0.361553
0.355764
