0.535207
0.537707
0.532785
0.535069
0.537912
0.537127
0.538798
0.537616
0.537761
0.539195
0.540226
0.540204
0.540764
0.539225
0.540933
0.541513
0.54204
0.540524
0.537866
0.538218
0.538693
0.537402
0.534496
0.53358
0.536947
0.543383
0.546316
0.540344
0.545578
0.535306
0.53035
0.531804
0.570006
0.633236
0.538452
0.477991
0.500313
0.543442
0.543538
0.497082
0.45348
0.538555
0.44424
0.477979
0.52439
0.552543
0.549617
0.539833
0.537541
0.541787
0.539016
0.533073
0.563714
0.600618
0.608965
0.608014
0.540787
0.611584
0.590076
0.577565
0.555295
0.537691
0.529125
0.539629
0.531227
0.532546
0.526622
0.523057
0.525541
0.530149
0.544526
0.528272
0.52902
0.531653
0.534858
0.533579
0.530523
0.536007
0.536622
0.538027
0.539538
0.535302
0.536524
0.539172
0.542984
0.544289
0.542291
0.541997
0.543347
0.542215
0.542176
0.544013
0.536089
0.544256
0.539507
0.5346
0.53681
0.53859
0.535365
0.534647
